# tls_framed message-size manifest -- generated by tls/gen_manifest.py
# shape=dctcp-websearch n=1000 target_mib=10.0 cap=524288 seed=20260908
# messages=1000 total_bytes=10486074 min=4 max=183470 mean=10486
163
120
16
2062
265
4
462
87704
114684
356
25496
28053
150
9972
7107
179
4
8427
34992
4
185
95
18178
177
69507
10
22853
19688
192
10509
160
78510
9683
548
254
17838
259
7
79
152
203
4
225
50333
202
446
6929
27305
946
759
517
1150
131
233
379
109
15523
140
2534
1656
378
169
11
4179
877
6841
16
18285
50220
398
24
4
4
378
559
4
146996
9760
1146
26233
12229
142
5
4
4
401
298
367
401
305
112
268
4
903
258
29
55494
40912
33421
135
104
864
238
139
109
6044
62988
161
8
207
20597
4
5
2088
93
20
8
348
4
189
3689
4
4
1540
2987
229
236
4
245
4
360
46
657
1783
2658
289
172
1263
586
421
96
21589
68988
90
6918
4
29340
175
13
68156
2589
311
105843
20050
110
4
96
4
8077
276
25219
624
4947
151
164
225
2698
209
884
380
30543
185
1181
151
2868
451
7186
1353
78
181
91
1236
4
423
520
61724
69
6970
98023
2447
32
52748
149
688
6
1683
417
100
38113
8
24
476
316
1103
810
258
4
43203
680
153144
4
307
404
426
83
391
169
938
7069
106
27553
11238
150
4
541
8838
4
52162
45556
849
2674
24310
202
102544
12366
4
6029
4
3203
282
4
8806
246
530
4
4
413
4
4
344
140
620
29780
75
173994
439
4
1130
2827
2690
1007
7882
30797
4
374
9453
17128
30681
1221
22811
887
514
10948
20032
67
2290
4591
133
10239
63285
202
2155
214
2038
2443
503
39852
173374
2001
8
398
24392
179
29328
148
25698
76
51675
55614
1233
8530
111
91
6107
3265
13213
546
46
8319
551
355
86
4
4
17609
6747
937
4
771
2411
132036
51301
4
159
4
18630
4
917
127
168
436
171
432
412
185
105975
4
3753
152
24739
8397
219
376
1197
17
4
75057
631
5630
19090
282
261
652
126
81
3652
11714
4
4
39879
508
1075
68
159
428
12282
1590
91
203
22890
357
6
236
389
61355
4
363
835
3727
974
30405
228
244
10053
2979
6260
1138
444
29111
4
4
4
18384
52910
311
29370
151
189
419
2022
4
41311
1215
13309
334
3793
36126
14435
1677
391
99
1236
16329
17057
24623
7273
13926
395
5930
383
303
4
162
363
9
341
4
177
13256
9720
292
15151
15264
4
4
10053
8113
156
64354
5061
9420
163
59200
55900
139
110
7
4
18003
120518
158
344
57826
1830
150
164
4796
352
129
342
7245
4
56001
10241
88756
44536
1527
7038
54921
213
347
11424
743
839
312
28031
100
312
4283
15045
63090
19457
14
522
277
534
961
5834
546
80
208
226
1852
5511
275
4
240
420
147
1175
8964
169
24434
12471
2930
4380
4
4
6
1126
4
14048
44061
1844
4919
5183
4
1769
440
14022
173
1194
149
17
43911
4756
24779
16188
191
20599
800
14622
6823
8359
38827
136029
48150
480
14614
532
2901
158
553
69
30957
376
420
4
386
29984
294
19484
29249
95
23
261
288
468
241
786
41546
263
347
11
2189
3134
932
832
2022
22267
12325
27626
158
4445
34
458
7294
42636
363
257
603
152
24871
242
13
19068
26116
471
1970
2306
78
1544
230
8791
441
6967
535
261
196
13240
4
63352
2498
425
4
39782
26192
8692
297
4
161
573
94
4
1235
476
161
460
4
23537
1916
141
4
137
41357
7909
418
268
3641
142
57736
539
1576
9877
7235
347
5341
424
4
4
342
15203
56176
71
94
4
21
224
14660
4
31264
344
19310
427
532
22505
1210
214
7836
520
293
27
201
915
1711
339
10
11559
49659
12278
76806
211
4
43582
439
88677
7177
4853
94
171
50223
4770
2171
70183
6109
536
76
12522
4
4
9460
66391
32006
273
60528
40203
180
4
21774
30292
388
1797
1485
4052
13413
299
1055
422
84907
32323
145
297
938
47
23427
4
234
6922
4
17860
1138
64990
6701
2176
489
350
259
4127
463
17241
164
163
167
224
10268
51932
4
9724
326
800
7266
522
1151
18733
63259
415
7306
9697
54805
304
3628
2777
15724
17
272
10412
17506
31905
540
384
259
10850
170
194
9
1348
1131
476
1786
9817
456
106
24942
155
95
224
677
413
535
171
66550
183
12413
28014
96
4
1640
4
132
268
50418
234
157
413
462
31753
31467
176
282
35024
10996
9215
231
13661
328
97
53341
18782
810
25484
504
669
150998
427
129
190
26901
67
27152
35
143866
19865
141
14
259
226
199
43885
644
4
4854
11983
457
208
24758
4733
151
93
183470
4
510
388
4
12611
140
125
34199
10560
562
143
119
324
73953
207
894
4
70196
317
263
66073
632
5
48855
21159
3051
1938
40597
224
10836
22532
10312
502
4
4
23776
162
99
96
1821
330
431
543
4945
2691
243
145
18309
714
24582
44484
9550
25087
70
256
1455
79
170
777
4
45480
379
22
145
4
6
6824
4
2222
8902
28376
421
443
7505
312
303
906
185
120
8618
6072
180
35797
1042
4
302
20248
285
4
4
23452
107
4
5332
4
11122
4
4
8764
175
4
492
16127
12090
8409
4
63078
427
65624
48771
6
4
476
2052
429
146
35567
374
10861
1388
4
201
858
12501
175
175
8894
226
559
407
16714
8796
7
9067
145
471
207
457
654
311
18468
498
386
1930
87
771
239
4
38088
61415
185
1270
558
8780
214
139510
21035
97
219
3082
11541
